top 50 likes of net100k graph:

1 小小辛巴 547405 38
2 不明真相的群众 201403 37
3 DAVID自由之路 241313 35
4 今日话题 535259 32
5 唐朝 199012 30
6 管我财 179217 28
7 梁宏 410157 27
8 方舟88 63831 27
9 价值at风险 259902 27
10 国老 88272 26
11 天南财务健康谈 152979 26
12 云蒙 278701 26
13 骑行夜幕的统计客 95421 26
14 雪球活动 5018195 26
15 释老毛 235127 25
16 进化论一平 181043 25
17 西点老A 185579 25
18 sosme 134640 25
19 岁寒知松柏 90850 25
20 江涛 39691 24
21 Conan的投资笔记 79418 24
22 那一水的鱼 166589 23
23 没干货不废话 154363 23
24 trustno1 38175 23
25 黑暗时代 40316 23
26 重力加速度 121317 23
27 紫葳侍郎 99628 23
28 小权 127015 23
29 丹书铁券 86914 23
30 坚信价值 93800 23
31 西峯 70601 22
32 雪球 5030050 22
33 雪球访谈 5026709 22
34 耐力投资 184612 22
35 草帽路飞 154064 22
36 亿利达 113471 22
37 O_Livia 71791 21
38 东博老股民 315998 21
39 卢山林 51555 21
40 潘潘_策略投资 44598 21
41 我是表好胚 106326 21
42 中国资本市场 47430 21
43 502的牛 35060 21
44 水晶苍蝇拍 94559 21
45 梁剑 77552 21
46 诸葛就是不亮 103334 20
47 阿土哥a 52580 20
48 我是任俊杰 80948 20
49 ETF拯救世界 118394 20
50 归隐林地 49373 20

top 50 likes of net50k graph:

1 小小辛巴 547405 129
2 不明真相的群众 201403 121
3 DAVID自由之路 241313 108
4 梁宏 410157 107
5 今日话题 535259 101
6 管我财 179217 100
7 进化论一平 181043 96
8 唐朝 199012 96
9 江涛 39691 94
10 方舟88 63831 93
11 云蒙 278701 92
12 雪球活动 5018195 90
13 价值at风险 259902 86
14 骑行夜幕的统计客 95421 86
15 释老毛 235127 85
16 天南财务健康谈 152979 84
17 岁寒知松柏 90850 82
18 sosme 134640 82
19 西点老A 185579 80
20 没干货不废话 154363 79
21 Conan的投资笔记 79418 78
22 重力加速度 121317 78
23 那一水的鱼 166589 77
24 亿利达 113471 77
25 弱弱的投资者 267178 77
26 东博老股民 315998 75
27 水晶苍蝇拍 94559 74
28 紫葳侍郎 99628 73
29 zangyn 409775 73
30 梁剑 77552 73
31 路过十八次 196291 73
32 O_Livia 71791 72
33 郭荆璞 57256 72
34 国老 88272 72
35 银行螺丝钉 117644 71
36 卢山林 51555 70
37 私募工场 26606 69
38 诸葛就是不亮 103334 69
39 小权 127015 69
40 我是表好胚 106326 69
41 坚信价值 93800 69
42 佐罗_厚恩投资 86995 68
43 雪球访谈 5026709 68
44 丹书铁券 86914 67
45 Ricky 106707 67
46 雪球 5030050 66
47 老高悟道 122292 66
48 宁静的冬日M 59275 66
49 西峯 70601 65
50 天道骑牛 106741 64

top 50 likes of net10k graph:

1 不明真相的群众 201403 1090
2 小小辛巴 547405 1028
3 DAVID自由之路 241313 870
4 价值at风险 259902 850
5 sosme 134640 844
6 梁宏 410157 834
7 岁寒知松柏 90850 833
8 今日话题 535259 803
9 进化论一平 181043 798
10 方舟88 63831 762
11 管我财 179217 747
12 没干货不废话 154363 746
13 江涛 39691 745
14 水晶苍蝇拍 94559 739
15 雪球活动 5018195 719
16 天南财务健康谈 152979 694
17 重力加速度 121317 685
18 Conan的投资笔记 79418 676
19 唐朝 199012 673
20 路过十八次 196291 653
21 梁剑 77552 650
22 雪球访谈 5026709 637
23 释老毛 235127 633
24 卢山林 51555 626
25 弱弱的投资者 267178 625
26 东博老股民 315998 620
27 小权 127015 613
28 我是任俊杰 80948 606
29 诸葛就是不亮 103334 605
30 国老 88272 602
31 坚信价值 93800 597
32 Ricky 106707 595
33 老高悟道 122292 594
34 那一水的鱼 166589 592
35 郭荆璞 57256 589
36 云蒙 278701 589
37 zangyn 409775 587
38 我是表好胚 106326 583
39 紫葳侍郎 99628 577
40 瑞鹤仙_5876 197280 573
41 西点老A 185579 572
42 佐罗_厚恩投资 86995 569
43 骑行夜幕的统计客 95421 566
44 ETF拯救世界 118394 557
45 耐力投资 184612 554
46 Mario 112578 542
47 O_Livia 71791 541
48 小兵oo9 61397 530
49 宁静的冬日M 59275 530
50 丹书铁券 86914 527

top 50 likes of net5k graph:

1 不明真相的群众 201403 1620
2 小小辛巴 547405 1467
3 DAVID自由之路 241313 1242
4 价值at风险 259902 1223
5 岁寒知松柏 90850 1218
6 sosme 134640 1217
7 梁宏 410157 1201
8 进化论一平 181043 1126
9 今日话题 535259 1114
10 江涛 39691 1113
11 方舟88 63831 1080
12 管我财 179217 1069
13 没干货不废话 154363 1054
14 雪球活动 5018195 1033
15 水晶苍蝇拍 94559 1028
16 天南财务健康谈 152979 973
17 梁剑 77552 967
18 雪球访谈 5026709 963
19 Conan的投资笔记 79418 961
20 重力加速度 121317 948
21 卢山林 51555 944
22 唐朝 199012 941
23 路过十八次 196291 928
24 释老毛 235127 912
25 国老 88272 904
26 东博老股民 315998 894
27 Ricky 106707 886
28 坚信价值 93800 880
29 诸葛就是不亮 103334 869
30 郭荆璞 57256 867
31 小权 127015 858
32 弱弱的投资者 267178 852
33 我是表好胚 106326 849
34 瑞鹤仙_5876 197280 845
35 我是任俊杰 80948 841
36 那一水的鱼 166589 837
37 老高悟道 122292 832
38 zangyn 409775 826
39 骑行夜幕的统计客 95421 803
40 耐力投资 184612 802
41 云蒙 278701 801
42 西点老A 185579 799
43 紫葳侍郎 99628 798
44 Mario 112578 786
45 佐罗_厚恩投资 86995 777
46 ETF拯救世界 118394 776
47 大道无形我有型 43301 764
48 O_Livia 71791 761
49 trustno1 38175 755
50 GT周 148331 753